ver	len	step_s	gen_s	upd_s	tr_idle	ro_idle	wait_s	mfu	reward	ratio
0	-1	None	None	None	-1	0.0	-1	-1	-99	None
1	1179.0	159.3	57.6	101.5	0.361	0.217	50.0	0.3288	-0.988	0.566
2	1202.0	174.4	43.7	127.3	0.25	0.211	36.8	0.3463	-0.981	0.334
3	1189.0	173.5	45.0	125.1	0.259	0.209	37.4	0.3523	-0.987	0.35
4	1162.0	173.4	43.3	126.6	0.25	0.219	36.0	0.3442	-0.973	0.333
5	1103.0	169.4	43.1	122.9	0.254	0.158	34.9	0.3402	-0.951	0.341
6	1037.0	160.4	38.8	118.0	0.242	0.25	31.3	0.3482	-0.929	0.319
7	1030.0	162.7	40.8	118.3	0.251	0.3	33.1	0.337	-0.872	0.335
8	953.0	157.0	38.6	114.8	0.246	0.311	30.9	0.3309	-0.801	0.326
9	927.0	153.0	36.9	112.2	0.242	0.302	29.2	0.3382	-0.753	0.318

41.79
4.19
4.04
4.12
24.29
4.34
4.08
4.03
25.37
4.03
4.01
4.01
23.98
3.99
4.07
4.18
22.54
4.09
4.11
4.00
19.20
4.06
4.06
4.03
20.98
4.07
4.03
4.19
18.37
4.13
4.19
4.34
16.78
4.08
4.06
3.99
16.25
4.08
4.04
3.98
